#######
INIT BoxDomotic Node 1.0
TEST
#######
ID ADDRESS: 7
255
255
255
255
255
255
255
255
255
255
255
255
255
#######
Radio ID 7
Relay's not configured
Temperature PIN not configured
PIR not configured
LUX not configured


*********************
BoxDomotic Node 1.0.f
*********************
Radio ID 7
Relay's not configured
Temperature PIN not configured
PIR not configured
LUX not configured

#######
INIT BoxDomotic Node 1.0.1
TEST
#######
ID ADDRESS: 7
255
255
255
255
255
255
255
255
255
255
255
255
255
255
#######
Radio ID 7
Relay's not configured
Temperature PIN not configured
PIR not configured
LUX not configured

****************************
BoxDomotic Master Node 1.0.0
****************************
Radio ID 7
Master Rx:1
Relay's not configured
Temperature PIN not configured
PIR not configured
LUX not configured
RX payload:3 6 0 19 68 0

****************************
BoxDomotic Master Node 1.0.1
****************************
Radio ID 7
Relay's not configured
Temperature PIN not configured
PIR not configured
LUX not configured
Master Rx:1
RX payload:100 8 5 0 0 0 0 0 0 2 0 0 0
RX payload:101 6 8 0 0 0 0 0 0 0 19 75 0
RX payload:100 8 6 0 0 0 0 0 0 2 0 0 0
RX payload:101 6 8 0 0 0 0 0 0 0 19 75 0
RX payload:100 8 5 0 0 0 0 0 0 2 0 0 0
RX payload:100 8 6 0 0 0 0 0 0 2 0 0 0
RX payload:101 6 8 0 0 0 0 0 0 0 19 75 0
RX payload:100 8 6 0 0 0 0 0 0 2 0 0 0
RX payload:100 8 5 0 0 0 0 0 0 2 0 0 0

****************************
BoxDomotic Master Node 1.0.2
****************************
Radio ID 7
Relay's not configured
Temperature PIN not configured
PIR not configured
LUX not configured
Master Rx:1
RX payload:100 8 6 0 0 0 0 0 0 2 0 0 0
RX payload:101 6 8 0 0 0 0 0 0 0 19 75 0
RX payload:100 8 6 0 0 0 0 0 0 2 0 0 0
RX payload:101 6 8 0 0 0 0 0 0 0 19 75 0
RX payload:100 8 6 5 0 0 0 0 0 2 0 0 0
RX payload:100 6 5 0 0 0 0 0 0 2 0 0 0
RX payload:101 6 8 5 0 0 0 0 0 0 25 68 0
RX payload:100 8 6 0 0 0 0 0 0 2 0 0 0
RX payload:101 6 8 0 0 0 0 0 0 0 19 75 0
RX payload:100 8 6 0 0 0 0 0 0 2 0 0 0
RX payload:101 6 8 0 0 0 0 0 0 0 19 75 0
RX payload:100 8 6 5 0 0 0 0 0 2 0 0 0
RX payload:100 6 5 0 0 0 0 0 0 2 0 0 0
RX payload:101 6 8 5 0 0 0 0 0 0 25 68 0
RX payload:100 8 6 0 0 0 0 0 0 2 0 0 0

****************************
BoxDomotic Master Node 1.0.3
****************************
Radio ID 7
Relay's not configured
Temperature PIN not configured
PIR not configured
LUX not configured
Master Rx:1
RX payload:(+1638)100 8 6 0 0 0 0 0 0 2 0 0 0
RX payload:(+2034)100 8 6 5 0 0 0 0 0 2 0 0 0
RX payload:(+48)100 6 8 8 5 0 0 0 0 2 0 0 0
RX payload:(+1986)100 8 6 0 0 0 0 0 0 2 0 0 0
RX payload:(+3)101 6 8 0 0 0 0 0 0 0 19 81 0
RX payload:(+1)100 8 6 0 0 0 0 0 0 2 0 0 0
RX payload:(+1053)101 6 8 0 0 0 0 0 0 0 19 75 0
RX payload:(+976)100 8 6 5 0 0 0 0 0 2 0 0 0
RX payload:(+88)100 6 5 0 0 0 0 0 0 2 0 0 0
RX payload:(+33)101 6 8 5 0 0 0 0 0 0 25 62 0
RX payload:(+1914)100 8 6 0 0 0 0 0 0 2 0 0 0
RX payload:(+7)101 6 8 0 0 0 0 0 0 0 19 81 0
RX payload:(+4)100 8 6 0 0 0 0 0 0 2 0 0 0
RX payload:(+20)101 6 8 0 0 0 0 0 0 0 19 81 0
RX payload:(+2003)100 8 6 5 0 0 0 0 0 2 0 0 0
RX payload:(+30)100 6 5 0 0 0 0 0 0 2 0 0 0
RX payload:(+23)101 6 8 5 0 0 0 0 0 0 25 62 0
RX payload:(+1980)100 8 6 0 0 0 0 0 0 2 0 0 0
RX payload:(+2034)100 8 6 5 0 0 0 0 0 2 0 0 0

23:46:41.484 -> ****************************
23:46:41.484 -> BoxDomotic Master Node 1.0.3
23:46:41.484 -> ****************************
23:46:41.484 -> Radio ID 7
23:46:41.484 -> Relay's not configured
23:46:41.484 -> Temperature PIN not configured
23:46:41.530 -> PIR not configured
23:46:41.530 -> LUX not configured
23:46:41.530 -> Master Rx:1
23:46:43.291 -> RX payload:104 8 6 5 4 0 0 0 0 2 0 0 0(+1804)
23:46:43.337 -> RX payload:104 6 8 8 5 4 0 0 0 2 0 0 0(+36)
23:46:45.336 -> RX payload:100 8 6 0 0 0 0 0 0 2 0 0 0(+1998)
23:46:45.336 -> RX payload:101 6 8 0 0 0 0 0 0 0 19 68 0(+10)
23:46:45.336 -> RX payload:100 8 6 0 0 0 0 0 0 2 0 0 0(+1)
23:46:46.405 -> RX payload:101 6 8 0 0 0 0 0 0 0 19 68 0(+1053)
23:46:47.383 -> RX payload:102 8 6 5 0 0 0 0 0 2 0 0 0(+969)
23:46:47.476 -> RX payload:102 6 5 0 0 0 0 0 0 2 0 0 0(+96)
23:46:47.522 -> RX payload:103 6 8 5 0 0 0 0 0 0 25 68 0(+25)
23:46:49.426 -> RX payload:104 8 6 5 4 0 0 0 0 2 0 0 0(+1912)
23:46:49.426 -> RX payload:104 6 8 8 5 4 0 0 0 2 0 0 0(+38)
23:46:51.430 -> RX payload:100 8 6 0 0 0 0 0 0 2 0 0 0(+1998)
23:46:51.476 -> RX payload:101 6 8 0 0 0 0 0 0 0 19 75 0(+11)
23:46:51.476 -> RX payload:100 8 6 0 0 0 0 0 0 2 0 0 0(+2)
23:46:52.497 -> RX payload:101 6 8 0 0 0 0 0 0 0 19 75 0(+1052)
23:46:53.471 -> RX payload:102 8 6 5 0 0 0 0 0 2 0 0 0(+966)
23:46:53.565 -> RX payload:102 6 5 0 0 0 0 0 0 2 0 0 0(+98)
23:46:53.610 -> RX payload:103 6 8 5 0 0 0 0 0 0 25 62 0(+22)
23:46:55.514 -> RX payload:104 8 6 5 4 0 0 0 0 2 0 0 0(+1913)
23:46:55.514 -> RX payload:104 6 5 4 0 0 0 0 0 2 0 0 0(+18)
23:46:55.514 -> RX payload:104 8 6 5 4 0 0 0 0 2 0 0 0(+2)
23:46:55.560 -> RX payload:104 6 8 8 5 4 0 0 0 2 0 0 0(+19)
23:46:57.554 -> RX payload:100 8 6 0 0 0 0 0 0 2 0 0 0(+1995)
23:46:58.579 -> RX payload:101 6 8 0 0 0 0 0 0 0 19 75 0(+1059)
23:46:59.596 -> RX payload:102 8 6 5 0 0 0 0 0 2 0 0 0(+975)
23:46:59.643 -> RX payload:102 6 5 0 0 0 0 0 0 2 0 0 0(+89)
23:46:59.689 -> RX payload:103 6 8 5 0 0 0 0 0 0 25 62 0(+22)
23:47:01.597 -> RX payload:104 8 6 5 4 0 0 0 0 2 0 0 0(+1922)
23:47:01.645 -> RX payload:104 6 5 4 0 0 0 0 0 2 0 0 0(+17)
23:47:01.645 -> RX payload:104 8 6 5 4 0 0 0 0 2 0 0 0(+1)
23:47:01.645 -> RX payload:104 6 8 8 5 4 0 0 0 2 0 0 0(+20)
23:47:03.642 -> RX payload:100 8 6 0 0 0 0 0 0 2 0 0 0(+1997)
23:47:03.642 -> RX payload:101 6 8 0 0 0 0 0 0 0 19 75 0(+2)
23:47:03.642 -> RX payload:100 8 6 0 0 0 0 0 0 2 0 0 0(+3)
23:47:04.710 -> RX payload:101 6 8 0 0 0 0 0 0 0 19 68 0(+1052)
23:47:05.687 -> RX payload:102 8 6 5 0 0 0 0 0 2 0 0 0(+976)
23:47:05.779 -> RX payload:102 6 5 0 0 0 0 0 0 2 0 0 0(+88)
23:47:05.779 -> RX payload:103 6 8 5 0 0 0 0 0 0 25 62 0(+22)
23:47:07.682 -> RX payload:104 8 6 5 4 0 0 0 0 2 0 0 0(+1923)
23:47:08.145 -> RX payload:105 6 8 0 0 0 0 0 0 170 170 0 0(+422)
23:47:09.724 -> RX payload:100 8 6 0 0 0 0 0 0 2 0 0 0(+1612)
23:47:09.724 -> RX payload:101 6 8 0 0 0 0 0 0 0 19 75 0(+5)
23:47:09.724 -> RX payload:100 8 6 0 0 0 0 0 0 2 0 0 0(+2)
23:47:10.792 -> RX payload:101 6 8 0 0 0 0 0 0 0 19 68 0(+1053)

23:54:02.783 -> ****************************
23:54:02.783 -> BoxDomotic Master Node 1.0.4
23:54:02.783 -> ****************************
23:54:02.783 -> Radio ID 7
23:54:02.783 -> Master Rx:1
23:54:04.404 -> RX payload:100 8 6 0 0 0 0 0 0 2 0 0 0(+1611)
23:54:05.469 -> RX payload:101 6 8 0 0 0 0 0 0 0 19 68 0(+1060)
23:54:06.439 -> RX payload:102 8 6 5 0 0 0 0 0 2 0 0 0(+974)
23:54:06.530 -> RX payload:102 6 5 0 0 0 0 0 0 2 0 0 0(+91)
23:54:06.577 -> RX payload:103 6 8 5 0 0 0 0 0 0 25 50 0(+22)
23:54:08.486 -> RX payload:104 8 6 5 4 0 0 0 0 2 0 0 0(+1921)
23:54:08.533 -> RX payload:104 6 8 8 5 4 0 0 0 2 0 0 0(+40)
23:54:10.488 -> RX payload:100 8 6 0 0 0 0 0 0 2 0 0 0(+1996)
23:54:10.534 -> RX payload:101 6 8 0 0 0 0 0 0 0 19 68 0(+3)
23:54:10.534 -> RX payload:100 8 6 0 0 0 0 0 0 2 0 0 0(+2)
23:54:11.558 -> RX payload:101 6 8 0 0 0 0 0 0 0 19 68 0(+1052)
23:54:12.532 -> RX payload:102 8 6 5 0 0 0 0 0 2 0 0 0(+976)
23:54:12.624 -> RX payload:102 6 5 0 0 0 0 0 0 2 0 0 0(+88)
23:54:12.670 -> RX payload:103 6 8 5 0 0 0 0 0 0 25 50 0(+22)
23:54:14.572 -> RX payload:104 8 6 5 4 0 0 0 0 2 0 0 0(+1924)
23:54:14.572 -> RX payload:104 6 5 4 0 0 0 0 0 2 0 0 0(+14)
23:54:14.572 -> RX payload:104 8 6 5 4 0 0 0 0 2 0 0 0(+3)
23:54:14.618 -> RX payload:104 6 8 8 5 4 0 0 0 2 0 0 0(+20)
23:54:16.611 -> RX payload:100 8 6 0 0 0 0 0 0 2 0 0 0(+1997)

00:00:58.642 -> ****************************
00:00:58.642 -> BoxDomotic Master Node 1.0.4
00:00:58.642 -> ****************************
00:00:58.642 -> Radio ID 7
00:00:58.642 -> Master Rx:1
00:00:59.383 -> RX payload:106 8 6 5 4 3 0 0 0 2 0 0 0(+727)
00:00:59.431 -> RX payload:106 6 5 4 3 0 0 0 0 2 0 0 0(+20)
00:00:59.431 -> RX payload:106 8 6 5 4 3 0 0 0 2 0 0 0(+2)
00:00:59.431 -> RX payload:106 6 8 8 5 4 3 0 0 2 0 0 0(+21)
00:01:01.423 -> RX payload:100 8 6 0 0 0 0 0 0 2 0 0 0(+1988)
00:01:01.423 -> RX payload:101 6 8 0 0 0 0 0 0 0 19 68 0(+10)
00:01:01.423 -> RX payload:100 8 6 0 0 0 0 0 0 2 0 0 0(+1)
00:01:01.423 -> RX payload:101 6 8 0 0 0 0 0 0 0 19 68 0(+3)
00:01:01.423 -> RX payload:100 8 6 0 0 0 0 0 0 2 0 0 0(+4)
00:01:02.496 -> RX payload:101 6 8 0 0 0 0 0 0 0 19 68 0(+1048)
00:01:03.468 -> RX payload:102 8 6 5 0 0 0 0 0 2 0 0 0(+966)
00:01:03.561 -> RX payload:102 6 5 0 0 0 0 0 0 2 0 0 0(+97)
00:01:03.561 -> RX payload:103 6 8 5 0 0 0 0 0 0 25 50 0(+23)
00:01:05.507 -> RX payload:104 8 6 5 4 0 0 0 0 2 0 0 0(+1914)
00:01:05.507 -> RX payload:104 6 5 4 0 0 0 0 0 2 0 0 0(+14)
00:01:05.507 -> RX payload:104 8 6 5 4 0 0 0 0 2 0 0 0(+2)
00:01:05.507 -> RX payload:104 6 8 8 5 4 0 0 0 2 0 0 0(+21)
00:01:07.511 -> RX payload:106 8 6 5 4 3 0 0 0 2 0 0 0(+1997)
00:01:07.558 -> RX payload:106 6 5 4 3 0 0 0 0 2 0 0 0(+29)
00:01:09.553 -> RX payload:100 8 6 0 0 0 0 0 0 2 0 0 0(+2008)
00:01:09.553 -> RX payload:101 6 8 0 0 0 0 0 0 0 19 68 0(+3)
00:01:09.553 -> RX payload:100 8 6 0 0 0 0 0 0 2 0 0 0(+2)
00:01:10.618 -> RX payload:101 6 8 0 0 0 0 0 0 0 19 68 0(+1053)
00:01:11.594 -> RX payload:102 8 6 5 0 0 0 0 0 2 0 0 0(+973)
00:01:11.687 -> RX payload:102 6 5 0 0 0 0 0 0 2 0 0 0(+92)
00:01:11.687 -> RX payload:103 6 8 5 0 0 0 0 0 0 25 50 0(+23)
00:01:13.636 -> RX payload:104 8 6 5 4 0 0 0 0 2 0 0 0(+1919)
00:01:13.636 -> RX payload:104 6 5 4 0 0 0 0 0 2 0 0 0(+19)
00:01:13.636 -> RX payload:104 8 6 5 4 0 0 0 0 2 0 0 0(+4)
00:01:13.681 -> RX payload:104 6 8 8 5 4 0 0 0 2 0 0 0(+20)
00:01:15.634 -> RX payload:106 8 6 5 4 3 0 0 0 2 0 0 0(+1990)
00:01:15.680 -> RX payload:106 6 8 8 5 4 3 0 0 2 0 0 0(+41)
00:01:17.671 -> RX payload:100 8 6 0 0 0 0 0 0 2 0 0 0(+1994)
00:01:17.671 -> RX payload:101 6 8 0 0 0 0 0 0 0 19 68 0(+5)
00:01:17.671 -> RX payload:100 8 6 0 0 0 0 0 0 2 0 0 0(+2)
00:01:18.744 -> RX payload:101 6 8 0 0 0 0 0 0 0 19 68 0(+1053)
00:01:19.723 -> RX payload:102 8 6 5 0 0 0 0 0 2 0 0 0(+976)
00:01:19.816 -> RX payload:102 6 5 0 0 0 0 0 0 2 0 0 0(+88)
00:01:19.816 -> RX payload:103 6 8 5 0 0 0 0 0 0 25 50 0(+21)
00:01:21.768 -> RX payload:104 8 6 5 4 0 0 0 0 2 0 0 0(+1921)
00:01:21.768 -> RX payload:104 6 5 4 0 0 0 0 0 2 0 0 0(+32)
00:01:21.862 -> RX payload:105 6 8 5 4 0 0 0 0 0 22 18 0(+65)
00:01:23.762 -> RX payload:106 8 6 5 4 3 0 0 0 2 0 0 0(+1939)
00:01:23.807 -> RX payload:106 6 5 4 3 0 0 0 0 2 0 0 0(+30)
00:01:23.899 -> RX payload:107 6 8 5 4 3 0 0 0 0 34 0 0(+93)
00:01:25.805 -> RX payload:100 8 6 0 0 0 0 0 0 2 0 0 0(+1910)
00:01:26.869 -> RX payload:101 6 8 0 0 0 0 0 0 0 19 68 0(+1057)
00:01:27.843 -> RX payload:102 8 6 5 0 0 0 0 0 2 0 0 0(+975)
00:01:27.936 -> RX payload:102 6 5 0 0 0 0 0 0 2 0 0 0(+89)
00:01:27.936 -> RX payload:103 6 8 5 0 0 0 0 0 0 25 50 0(+23)
00:01:29.880 -> RX payload:104 8 6 5 4 0 0 0 0 2 0 0 0(+1922)
00:01:29.926 -> RX payload:104 6 8 8 5 4 0 0 0 2 0 0 0(+38)
00:01:31.920 -> RX payload:106 8 6 5 4 3 0 0 0 2 0 0 0(+1997)
00:01:31.920 -> RX payload:106 6 5 4 3 0 0 0 0 2 0 0 0(+28)
00:01:32.058 -> RX payload:107 6 8 5 4 3 0 0 0 0 34 0 0(+95)
00:01:33.964 -> RX payload:100 8 6 0 0 0 0 0 0 2 0 0 0(+1910)
00:01:34.987 -> RX payload:101 6 8 0 0 0 0 0 0 0 19 68 0(+1063)
00:01:35.960 -> RX payload:102 8 6 5 0 0 0 0 0 2 0 0 0(+969)
00:01:36.053 -> RX payload:102 6 5 0 0 0 0 0 0 2 0 0 0(+95)
00:01:36.099 -> RX payload:103 6 8 5 0 0 0 0 0 0 25 50 0(+23)
00:01:38.003 -> RX payload:104 8 6 5 4 0 0 0 0 2 0 0 0(+1916)
00:01:38.050 -> RX payload:104 6 8 8 5 4 0 0 0 2 0 0 0(+36)
00:01:40.045 -> RX payload:106 8 6 5 4 3 0 0 0 2 0 0 0(+1998)
00:01:40.092 -> RX payload:106 6 5 4 3 0 0 0 0 2 0 0 0(+31)
00:01:40.138 -> RX payload:107 6 8 5 4 3 0 0 0 0 34 0 0(+83)
00:01:42.089 -> RX payload:100 8 6 0 0 0 0 0 0 2 0 0 0(+1920)
00:01:43.158 -> RX payload:101 6 8 0 0 0 0 0 0 0 19 68 0(+1065)
